26 101 559
27 x x
28 x x
29 x x
30 213 480
31 182 560
32 x x
33 210 560
34 254 508
35 236 559
36 x x
37 x x
38 291 561
39 x x
40 319 561
41 x x
42 400 464
43 374 562
44 x x
45 402 562
46 442 487
47 428 562
48 453 562
49 472 516
50 482 561
51 x x
52 509 561
53 x x
54 559 468
55 561 562
56 x x
57 589 560
58 x x
59 617 560
60 642 561
61 658 485
62 671 561
63 x x
64 698 560
65 x x
66 723 474
67 751 561
68 x x
69 856 561
70 x x
71 810 559
72 835 560
73 835 517
74 861 561
75 x x
76 889 560
77 x x
78 912 517
79 943 562
80 x x
81 970 563
82 x x
83 998 560
84 x x
85 1016 515
86 1048 569
87 x x
88 1081 562
89 x x
90 1087 506
91 x x
92 x x
93 1138 536
94 x x
95 1170 544